421
Throughput
35.916
32430.929
117678.935
48171.713
33444.562
38406.305
33.824
9176.045
36933.38
28.384
55348.375
3214.18
4494.121
14105.082
41255.037
3580.085
13385.839
24761.873
26190.541
21660.65
11325.364
21283.632
457.028
106249.77
671.58
4807.609
1067.191
19098.839
35638.22
1769.513
404.67
22533.12
15662.189
59968.46
30537.938
5528.006
9872.715
51177.648
138039.927
1129.268
36029.008
27635.595
94.608
14740.404
90741.28
21358.446
92437.077
8988.474
19309.696
16444.818
29116.494
13493.472
89272.39
1523.96
59422.745
132.596
42191.095
10539.109
4837.994
7069.958
1823.331
10.264
3049.861
5479.375
49156.18
45275.266
85.811
70.121
45655.06
41091.423
1170.955
58509.68
89963.452
77.365
34178.014
142.714
11868.24
22211.829
42660.36
29.72
8360.693
771.057
12393.935
128.378
65800.422
23801.519
13814.781
5473.48
6641.672
7006.522
155.928
8034.204
8437.602
150.01
45481.7
3173.568
2822.016
14054.744
11171.915
43474.496
15058.208
45490.099
231.247
42591.709
1043.902
147883.15
38079.157
8950.827
77513.091
167.064
251.613
21323.264
3030.264
186088.29
2206.491
51808.157
8227.659
95341.61
12430.837
37.044
30274.609
27674.76
12514.898
52.91
17912.367
59046.925
6629.747
28251.168
46.709
30180.36
49240.39
19583.486
31738.73
755.832
6651.757
28339.196
9780.026
6485.423
4810.289
8.024
408.772
922.229
25303.555
24911.917
967.634
220.817
28802.354
12073.683
59116.703
72.216
4979.187
12119.814
2230.038
17578.959
733.78
18548.135
6600.354
28655.773
108312.79
88.347
4186.278
36725.059
471.2
19779.478
61117.808
18935.355
32666.937
871.472
23113.728
23839.112
6892
3366.56
191.028
1583.56
5000.597
1837.407
445.19
10995.661
603.474
59712.2
16.28
19211.212
103.933
15895.884
132.348
50.307
52.152
2238.016
9688.864
43740.627
5097.69
24787.218
344.636
5.616
137515.955
3879.664
5987.001
662.48
234586.5
46394.042
20629.042
79189.073
355.861
9033.369
32674.923
1814.352
6270.344
26475.22
848.092
23532.04
14393.274
1352.874
135366.251
73375.13
18293.167
4133.844
65637.504
151.571
5861.826
7698.374
29842.186
354.504
6.475
7236.055
72.264
19150.434
32.5
4266.8
265.028
1444.315
929.871
5915.061
61009.266
49.94
3760.92
79.056
284.24
541.738
9773.214
1156.145
8933.774
35246.11
3617.52
7.656
30884.737
17315.202
28575.47
112300.089
39842.49
16869.561
23886.974
15018.144
635.13
3461.535
11260.735
95615.38
53074.346
2327.575
163.432
17881.101
36073.214
261.104
10062.095
71665.155
4227.554
14492.442
100.232
36165.596
21654.755
1033.066
239.876
7071.293
717.65
308.802
18581.465
27629.433
25217.047
3630.813
23026.048
38293.447
11363.494
14278.672
24184.93
49056.718
29872.807
54097.476
22.596
4163.644
3587.815
11244.328
413.735
11066.215
28744.409
191.633
48980.542
23163.142
14957.318
22861.89
40917.006
583.856
2803.274
899.136
22505.657
4715.131
1632.826
14647.573
1440.872
74999.95
1052.185
289.686
29288.385
188.54
28527.889
178.767
4457.568
8412.696
2729.016
166100.5
48.624
1476.117
3324.38
38027.452
17971.129
38048.012
18507.064
1226.489
18582.922
56658.56
3692.553
531.656
5677.023
1730.199
42724.88
27985.022
33352.233
59807.271
85.692
36279.138
15.857
7439.996
8666.707
23225.725
48576.381
5979.253
48166.73
13839.43
17920.832
10971.62
358.02
17.235
2094.344
7254.651
9008.791
24591.423
5.914
35.96
22609.018
7596.236
84845.3
13890.635
33123.613
13040.31
712.787
16601.388
10120.029
1325.278
98.712
21287.59
655.314
308.1
18093.549
519.468
2951.416
24254.216
48.192
6698.864
60.24
4406.02
73.292
18898.271
18317.595
2104.402
19641.177
107012.15
6791.45
23069.046
1660.886
667.121
16686.123
31674.415
28863.69
23476.482
9930.334
2.925
30481.267
506.203
12332.331
45860.215
821.077
4881.624
40532.321
4545.38
18622.086
682.4
11550.473
89.593
6766.585
414.96
79978.3
115.566
1378.684
19785.347
2228.796
33546.486
27808.04
6054.621
55615.162
17574.306
31552.89
2071.008
13310.162
